50
4
69 -81
69 -57
69 3
9 -81
8
-45 -58
74 -58
74 -7
57 -7
40 -7
23 -7
-11 -7
-28 -7
7
18 -61
0 -61
-18 -61
0 -43
18 -25
36 -43
54 -61
10
-86 89
-74 77
-62 65
-50 53
-38 41
-26 29
-14 17
-2 5
10 -7
22 -19
3
-70 32
26 -64
-6 96
4
49 -25
-7 -32
-35 -81
21 -74
5
-20 -19
16 -31
4 -67
-68 -43
-56 -7
3
37 -44
29 -44
34 -37
3
51 -8
91 -18
81 -58
7
-57 89
-9 89
15 65
-33 17
-57 41
-81 65
-69 77
3
-27 -12
-93 10
-82 43
3
12 30
-60 30
3 3
8
60 -48
44 -40
12 -24
-4 -32
-20 -40
-36 -48
12 -72
44 -56
3
-91 -37
-43 -53
-51 -77
3
68 52
28 22
-92 -68
10
-31 75
-22 69
-13 63
-4 57
5 51
-1 42
-19 15
-55 39
-49 48
-37 66
4
63 -94
63 -50
63 60
-47 -94
5
18 -85
-15 -74
-4 -41
62 -63
51 -96
2
-33 20
45 -52
7
-22 35
-58 35
-76 17
-40 -19
-22 -1
-4 17
-13 26
2
90 87
-92 -81
8
62 39
40 50
-4 72
-26 61
-48 50
-70 39
-4 6
40 28
7
-36 80
4 80
24 60
-16 20
-36 40
-56 60
-46 70
3
75 78
51 72
57 48
3
-71 57
91 3
64 -78
2
34 7
-54 7
10
25 33
40 23
55 13
70 3
85 -7
75 -22
45 -67
-15 -27
-5 -12
15 18
8
-79 -75
-69 -75
-64 -70
-64 -60
-69 -55
-79 -55
-84 -60
-84 -70
5
-67 -42
-43 -50
5 -66
-19 -74
-67 -90
10
-20 34
-29 40
-38 46
-47 52
-56 58
-50 67
-32 94
4 70
-2 61
-14 43
3
72 28
3 -41
26 74
6
-8 12
-18 10
-28 8
-20 4
-12 0
-10 6
5
1 -3
61 -3
49 -51
-35 -51
-23 -3
3
-99 33
-93 39
-77 17
3
9 -100
-93 -100
-42 -49
7
-32 -11
-64 -11
-80 5
-48 37
-32 21
-16 5
-24 -3
4
-47 56
-82 56
-82 21
-47 21
2
-96 84
47 -48
8
-1 16
13 16
20 9
20 -5
13 -12
-1 -12
-8 -5
-8 9
3
-42 -38
-90 -22
-82 2
3
97 -2
-79 -2
75 64
6
-24 48
-54 42
-84 36
-60 24
-36 12
-30 30
6
10 -54
-45 -43
-100 -32
-56 -10
-12 12
-1 -21
8
41 8
19 8
8 -3
8 -25
19 -36
41 -36
52 -25
52 -3
8
50 -23
29 -23
29 -32
32 -32
35 -32
38 -32
44 -32
47 -32
3
71 -25
-28 74
5 -91
5
-42 18
-96 0
-78 -54
30 -18
12 36
5
-37 -74
-47 -74
-45 -82
-31 -82
-33 -74
5
49 -52
25 -60
33 -84
81 -68
73 -44
2
50 -22
76 2
